=== Run information ===

Scheme:       weka.classifiers.functions.Logistic -R 1.0E-8 -M -1 -num-decimal-places 4
Relation:     C:\Users\stephanie\Downloads\MQ2007\Fold1\test
Instances:    9640
Attributes:   47
              1
              2
              3
              4
              5
              6
              7
              8
              9
              10
              11
              12
              13
              14
              15
              16
              17
              18
              19
              20
              21
              22
              23
              24
              25
              26
              27
              28
              29
              30
              31
              32
              33
              34
              35
              36
              37
              38
              39
              40
              41
              42
              43
              44
              45
              46
              class
Test mode:    10-fold cross-validation

=== Classifier model (full training set) ===

Logistic Regression with ridge parameter of 1.0E-8
Coefficients...
                   Class
Variable            NONE          LOW
=====================================
1                -0.2478      -1.0093
2                -0.6683      -0.3469
3                 1.0569      -1.1409
4                   2.05        0.549
5                 3.0847       4.0277
11                6.5985       5.1861
12                0.3987      -0.6073
13               -3.0805      -0.9837
14               -0.0489       5.0522
15               -7.4508       -6.607
16                1.1401      12.6806
17                0.1197       0.9135
18                0.6421       0.5624
19                0.8592        1.047
20               -2.3004     -13.0385
21               -1.4398       1.8189
22                3.5547       7.8568
23               -5.1087       -3.635
24                0.3461      -5.2182
25               -0.3238      -0.0797
26               -0.3454      -0.9797
27               -0.5139       0.2817
28                0.7523       0.9834
29                0.6216       1.0246
30                3.6375       0.9119
31                0.6426       1.0147
32               -3.8729      -1.5812
33               -2.1645      -4.6319
34                1.9329       1.7829
35               -1.0627      -2.0825
36               -0.3389       0.1969
37                -0.075      -2.3516
38                1.9692       -5.243
39                1.4357        0.956
40               -4.0593       4.4178
41               -0.3222      -0.8311
42                0.6948       0.5181
43                0.5054       0.3063
44                0.9272       0.9678
45               -1.3393      -2.3924
Intercept         4.6049       2.1595


Odds Ratios...
                   Class
Variable            NONE          LOW
=====================================
1                 0.7805       0.3645
2                 0.5126       0.7069
3                 2.8775       0.3195
4                  7.768       1.7316
5                21.8602      56.1308
11              733.9792     178.7728
12                1.4899       0.5448
13                0.0459       0.3739
14                0.9523     156.3656
15                0.0006       0.0014
16                3.1272  321458.1574
17                1.1271       2.4931
18                1.9005       1.7548
19                2.3612       2.8491
20                0.1002            0
21                 0.237        6.165
22               34.9784    2583.2198
23                 0.006       0.0264
24                1.4136       0.0054
25                0.7234       0.9234
26                0.7079       0.3754
27                0.5982       1.3254
28                2.1219       2.6735
29                1.8619       2.7859
30               37.9958        2.489
31                1.9014       2.7586
32                0.0208       0.2057
33                0.1148       0.0097
34                6.9098       5.9472
35                0.3455       0.1246
36                0.7125       1.2176
37                0.9277       0.0952
38                7.1651       0.0053
39                4.2025       2.6012
40                0.0173      82.9133
41                0.7245       0.4356
42                2.0033       1.6789
43                1.6577       1.3584
44                2.5275       2.6322
45                 0.262       0.0914


Time taken to build model: 9.19 seconds

=== Stratified cross-validation ===
=== Summary ===

Correctly Classified Instances        7106               73.7137 %
Incorrectly Classified Instances      2534               26.2863 %
Kappa statistic                          0.0954
Mean absolute error                      0.2546
Root mean squared error                  0.3576
Relative absolute error                 91.5051 %
Root relative squared error             95.8927 %
Total Number of Instances             9640     

=== Detailed Accuracy By Class ===

                 TP Rate  FP Rate  Precision  Recall   F-Measure  MCC      ROC Area  PRC Area  Class
                 0.978    0.905    0.746      0.978    0.847      0.163    0.691     0.854     NONE
                 0.099    0.023    0.539      0.099    0.167      0.161    0.680     0.361     LOW
                 0.014    0.002    0.296      0.014    0.027      0.054    0.736     0.186     HIGH
Weighted Avg.    0.737    0.667    0.677      0.737    0.656      0.156    0.691     0.711     

=== Confusion Matrix ===

    a    b    c   <-- classified as
 6897  139   15 |    a = NONE
 1827  201    4 |    b = LOW
  516   33    8 |    c = HIGH

